(title "Wall Yplus")
(labels "Position" "Wall Yplus")

((xy/key/label "wall1")
-10	2.13234
-10	2.13234
-10	2.13534
-10	2.13534
-10	2.13853
-10	2.13853
-9.36701	1.7047
-9.36701	1.7047
-9.36701	1.70663
-9.36701	1.70663
-9.36701	1.70887
-9.36701	1.70887
-8.77032	1.21952
-8.77032	1.21952
-8.77032	1.22155
-8.77032	1.22155
-8.77032	1.22392
-8.77032	1.22392
-8.20783	1.11991
-8.20783	1.11991
-8.20783	1.12361
-8.20783	1.12361
-8.20783	1.12765
-8.20783	1.12765
-7.6776	1.07561
-7.6776	1.07561
-7.6776	1.07976
-7.6776	1.07976
-7.6776	1.0841
-7.6776	1.0841
-7.17776	1.05374
-7.17776	1.05374
-7.17776	1.05739
-7.17776	1.05739
-7.17776	1.06121
-7.17776	1.06121
-6.70658	1.03864
-6.70658	1.03864
-6.70658	1.04189
-6.70658	1.04189
-6.70658	1.04537
-6.70658	1.04537
-6.26241	1.02989
-6.26241	1.02989
-6.26241	1.03298
-6.26241	1.03298
-6.26241	1.03624
-6.26241	1.03624
-5.84371	1.02274
-5.84371	1.02274
-5.84371	1.02565
-5.84371	1.02565
-5.84371	1.02871
-5.84371	1.02871
-5.44901	1.01709
-5.44901	1.01709
-5.44901	1.01987
-5.44901	1.01987
-5.44901	1.0228
-5.44901	1.0228
-5.07694	1.01165
-5.07694	1.01165
-5.07694	1.01429
-5.07694	1.01429
-5.07694	1.0171
-5.07694	1.0171
-4.7262	1.00698
-4.7262	1.00698
-4.7262	1.00953
-4.7262	1.00953
-4.7262	1.01222
-4.7262	1.01222
-4.39557	1.00277
-4.39557	1.00277
-4.39557	1.00525
-4.39557	1.00525
-4.39557	1.00787
-4.39557	1.00787
-4.0839	0.99911
-4.0839	0.99911
-4.0839	1.00155
-4.0839	1.00155
-4.0839	1.00414
-4.0839	1.00414
-3.79009	0.995899
-3.79009	0.995899
-3.79009	0.998296
-3.79009	0.998296
-3.79009	1.00083
-3.79009	1.00083
-3.51313	0.993211
-3.51313	0.993211
-3.51313	0.995564
-3.51313	0.995564
-3.51313	0.998056
-3.51313	0.998056
-3.25205	0.990945
-3.25205	0.990945
-3.25205	0.993263
-3.25205	0.993263
-3.25205	0.995715
-3.25205	0.995715
-3.00593	0.989112
-3.00593	0.989112
-3.00593	0.991395
-3.00593	0.991395
-3.00593	0.993812
-3.00593	0.993812
-2.77393	0.987677
-2.77393	0.987677
-2.77393	0.989925
-2.77393	0.989925
-2.77393	0.992302
-2.77393	0.992302
-2.55523	0.986653
-2.55523	0.986653
-2.55523	0.988868
-2.55523	0.988868
-2.55523	0.991206
-2.55523	0.991206
-2.34906	0.985978
-2.34906	0.985978
-2.34906	0.988163
-2.34906	0.988163
-2.34906	0.990465
-2.34906	0.990465
-2.15472	0.985677
-2.15472	0.985677
-2.15472	0.987835
-2.15472	0.987835
-2.15472	0.990105
-2.15472	0.990105
-1.97151	0.98571
-1.97151	0.98571
-1.97151	0.98784
-1.97151	0.98784
-1.97151	0.990079
-1.97151	0.990079
-1.79881	0.986226
-1.79881	0.986226
-1.79881	0.988343
-1.79881	0.988343
-1.79881	0.990557
-1.79881	0.990557
-1.63602	0.986801
-1.63602	0.986801
-1.63602	0.988918
-1.63602	0.988918
-1.63602	0.991119
-1.63602	0.991119
-1.48255	0.987945
-1.48255	0.987945
-1.48255	0.990039
-1.48255	0.990039
-1.48255	0.992205
-1.48255	0.992205
-1.33788	0.989279
-1.33788	0.989279
-1.33788	0.991345
-1.33788	0.991345
-1.33788	0.993473
-1.33788	0.993473
-1.20151	0.991249
-1.20151	0.991249
-1.20151	0.993331
-1.20151	0.993331
-1.20151	0.99545
-1.20151	0.99545
-1.07296	0.993131
-1.07296	0.993131
-1.07296	0.995226
-1.07296	0.995226
-1.07296	0.997343
-1.07296	0.997343
-0.951774	0.995781
-0.951774	0.995781
-0.951774	0.997885
-0.951774	0.997885
-0.951774	0.999977
-0.951774	0.999977
-0.837538	0.998467
-0.837538	0.998467
-0.837538	1.00059
-0.837538	1.00059
-0.837538	1.00266
-0.837538	1.00266
-0.729851	1.00179
-0.729851	1.00179
-0.729851	1.00393
-0.729851	1.00393
-0.729851	1.00599
-0.729851	1.00599
-0.628338	1.00551
-0.628338	1.00551
-0.628338	1.00768
-0.628338	1.00768
-0.628338	1.00972
-0.628338	1.00972
-0.532645	1.01037
-0.532645	1.01037
-0.532645	1.0126
-0.532645	1.0126
-0.532645	1.01466
-0.532645	1.01466
-0.442438	1.01437
-0.442438	1.01437
-0.442438	1.01665
-0.442438	1.01665
-0.442438	1.01869
-0.442438	1.01869
-0.357403	1.02159
-0.357403	1.02159
-0.357403	1.02396
-0.357403	1.02396
-0.357403	1.026
-0.357403	1.026
-0.277243	1.02655
-0.277243	1.02655
-0.277243	1.02898
-0.277243	1.02898
-0.277243	1.03099
-0.277243	1.03099
-0.201679	1.03657
-0.201679	1.03658
-0.201679	1.03902
-0.201679	1.03902
-0.201679	1.04104
-0.201679	1.04104
-0.130447	1.04652
-0.130447	1.04652
-0.130447	1.0495
-0.130447	1.0495
-0.130447	1.05148
-0.130447	1.05148
-0.0632985	1.05167
-0.0632985	1.05167
-0.0632985	1.05416
-0.0632985	1.05416
-0.0632985	1.05616
-0.0632985	1.05616
6.12303e-17	1.25216
6.12303e-17	1.25217
6.12303e-17	1.25903
6.12303e-17	1.25904
6.12303e-17	1.26364
6.12303e-17	1.26364
)
